1 (918, 0.910504658607, 5)
2 (1056, 0.999980576678, 5)
3 (1081, 0.977052393663, 5)
4 (35, 0.803500189941, 6)
5 (976, 0.933079563203, 5)
6 (279, 0.959756507337, 5)
7 (968, 0.997420592235, 7)
8 (590, 0.864693730765, 6)
9 (113, 0.964494305252, 5)
10 (1202, 0.972429410443, 5)
11 (534, 0.891159166538, 6)
12 (1124, 0.870362416509, 5)
13 (18, 0.947107588563, 7)
14 (1298, 0.916310263945, 5)
15 (896, 0.894940451668, 5)
16 (305, 0.93650955805, 7)
17 (971, 0.960602508139, 5)
18 (13, 0.947107588563, 7)
19 (959, 0.932404782908, 6)
20 (1401, 0.960169643065, 5)
21 (829, 0.993439301911, 6)
22 (918, 0.851333413493, 5)
23 (1169, 0.999391614847, 6)
24 (1296, 0.944110796809, 5)
25 (834, 0.810352950984, 13)
26 (1141, 0.971073250408, 5)
27 (972, 0.960811697729, 5)
28 (1084, 0.957321139797, 9)
29 (1145, 0.841191024192, 6)
30 (1048, 0.948464136807, 8)
31 (1479, 0.986310864135, 5)
32 (580, 0.954063273046, 5)
33 (733, 0.955046043853, 5)
34 (155, 0.898849548057, 5)
35 (112, 0.963556514522, 5)
36 (289, 0.868515639689, 5)
37 (480, 0.869345839554, 5)
38 (1160, 0.946135128805, 5)
39 (593, 0.965498542243, 5)
40 (1160, 0.977760834138, 7)
41 (663, 0.997787940246, 5)
42 (1111, 0.964263771397, 5)
43 (529, 0.999895753248, 5)
44 (730, 0.995564906634, 5)
45 (745, 0.974123962645, 7)
46 (1113, 0.95438085723, 5)
47 (1187, 0.829676233369, 7)
48 (1214, 0.98554889076, 5)
49 (362, 0.914600026131, 5)
50 (1269, 0.909529436081, 9)
51 (1479, 0.986086784113, 6)
52 (1066, 0.948373675556, 6)
53 (1480, 0.897250019501, 6)
54 (1415, 0.932630158263, 6)
55 (791, 0.901964734302, 5)
56 (390, 0.875096106836, 8)
57 (537, 0.949694960084, 5)
58 (1099, 0.916060761806, 6)
59 (903, 0.99877917519, 5)
60 (970, 0.969444097003, 5)
61 (1103, 0.952072865649, 8)
62 (1004, 0.999601090183, 7)
63 (1040, 0.91342181667, 8)
64 (915, 0.851580520222, 7)
65 (1066, 0.954649533682, 5)
66 (918, 0.956769583477, 5)
67 (878, 0.896634437979, 5)
68 (641, 0.922246506936, 9)
69 (534, 0.7674513942, 5)
70 (1085, 0.92412610208, 6)
71 (1459, 0.932556962035, 5)
72 (342, 0.921703247741, 5)
73 (950, 0.96091061689, 5)
74 (143, 0.903420811772, 6)
75 (168, 0.916681037138, 5)
76 (1170, 0.911376638157, 5)
77 (1285, 0.999882984531, 6)
78 (35, 0.928168673522, 11)
79 (329, 0.833952571843, 10)
80 (639, 0.978414803781, 5)
81 (968, 0.932708642825, 5)
82 (1279, 0.904585532547, 5)
83 (350, 0.967761843202, 5)
84 (540, 0.885771433642, 5)
85 (1142, 0.999720487943, 5)
86 (725, 0.953631648232, 8)
87 (1195, 0.973707101306, 5)
88 (621, 0.899198963538, 5)
89 (1200, 0.92075448978, 6)
90 (1263, 0.91423178198, 6)
91 (1249, 0.923351044677, 6)
92 (639, 0.957380425061, 11)
93 (1081, 0.975352530607, 5)
94 (894, 0.889157737529, 5)
95 (1439, 0.952647735171, 6)
96 (1441, 0.871367362028, 5)
97 (1531, 0.886961245833, 7)
98 (534, 0.884918345065, 7)
99 (424, 0.793932643529, 7)
100 (1312, 0.975526541561, 6)
101 (979, 0.956112744498, 6)
102 (637, 0.992660398685, 5)
103 (628, 0.986869419573, 5)
104 (222, 0.338127273681, 5)
105 (1277, 0.952795297975, 5)
106 (940, 0.970682768316, 5)
107 (1221, 0.898143241066, 7)
108 (16, 0.929210562605, 7)
109 (1129, 0.926691321664, 8)
110 (450, 0.993810935054, 6)
111 (1002, 0.995397414543, 5)
112 (260, 0.966762784443, 5)
113 (9, 0.964494305252, 5)
114 (694, 0.962261566184, 6)
115 (1047, 0.96042700446, 5)
116 (532, 0.93099664516, 5)
117 (918, 0.938168378638, 6)
118 (1337, 0.940460131721, 8)
119 (1, 0, 4)
120 (1336, 0.962000966128, 5)
121 (555, 0.945645203172, 6)
122 (854, 0.897300032884, 5)
123 (1280, 0.988814837163, 5)
124 (1401, 0.981987460475, 5)
125 (1269, 0.922636792641, 6)
126 (807, 0.999782663309, 5)
127 (1446, 0.956659111854, 6)
128 (813, 0.974346580668, 5)
129 (870, 0.945480707504, 5)
130 (825, 0.898766307361, 6)
131 (902, 0.917310971058, 6)
132 (534, 0.935788122278, 6)
133 (1218, 0.948286364178, 7)
134 (350, 0.994087587254, 7)
135 (1085, 0.791059451113, 6)
136 (1454, 0.98137270099, 5)
137 (1379, 0.999030159972, 5)
138 (245, 0.964118215432, 5)
139 (354, 0.87891892738, 6)
140 (819, 0.890542681906, 6)
141 (370, 0.917404612708, 6)
142 (103, 0.980667089384, 5)
143 (74, 0.903420811772, 6)
144 (985, 0.801531427983, 6)
145 (350, 0.932634547313, 5)
146 (273, 0.900914544873, 6)
147 (1084, 0.954373899398, 5)
148 (681, 0.971845667222, 5)
149 (583, 0.962250448649, 5)
150 (718, 0.898071430112, 5)
151 (320, 0.935320239482, 8)
152 (1221, 0.848340708452, 5)
153 (989, 0.983576500003, 5)
154 (947, 0.87786280123, 5)
155 (1471, 0.937723755286, 5)
156 (1159, 0.924343448125, 5)
157 (872, 0.867423770135, 5)
158 (495, 0.996614041657, 6)
159 (279, 0.862607470487, 5)
160 (1174, 0.983675709664, 5)
161 (1072, 0.975679528288, 6)
162 (812, 0.923345136838, 6)
163 (1034, 0.90844015553, 5)
164 (918, 0.960978932871, 5)
165 (946, 0.906386316011, 5)
166 (775, 0.945470899737, 5)
167 (967, 0.942455620346, 6)
168 (1522, 0.967374409122, 5)
169 (733, 0.923267081174, 5)
170 (1268, 0.96020493133, 5)
171 (1401, 0.943757832006, 5)
172 (534, 0.872764394402, 6)
173 (1269, 0.849539563733, 7)
174 (1300, 0.975623877031, 5)
175 (1401, 0.927240105213, 8)
176 (958, 0.964272633207, 5)
177 (936, 0.955864043908, 5)
178 (1404, 0.880095756943, 5)
179 (1111, 0.928322336492, 6)
180 (698, 0.898502688874, 6)
181 (1300, 0.946158958087, 6)
182 (996, 0.963439159821, 5)
183 (1531, 0.953920483344, 5)
184 (836, 0.985320165969, 5)
185 (912, 0.891042111214, 5)
186 (267, 0.946252235551, 5)
187 (1298, 0.893629468062, 6)
188 (1022, 0.882772426378, 6)
189 (656, 0.997065988826, 7)
190 (1147, 0.876306638588, 9)
191 (995, 0.892693984517, 8)
192 (500, 0.822867447496, 10)
193 (1263, 0.833144431465, 6)
194 (1148, 0.947122604785, 5)
195 (329, 0.830777931975, 10)
196 (1111, 0.923932997841, 7)
197 (534, 0.881339874755, 6)
198 (1022, 0.922051076358, 5)
199 (1249, 0.966081241525, 5)
200 (1148, 0.960342453275, 5)
201 (1249, 0.919184089719, 5)
202 (1298, 0.911753158372, 5)
203 (1479, 0.940937409047, 6)
204 (267, 0.851331662697, 7)
205 (334, 0.942032864299, 7)
206 (966, 0.940736389051, 5)
207 (1159, 0.969365475554, 5)
208 (916, 0.942476574712, 5)
209 (964, 0.923585464198, 5)
210 (1105, 0.909052910613, 5)
211 (1441, 0.97014474371, 5)
212 (1193, 0.958563226829, 7)
213 (943, 0.95219956923, 7)
214 (925, 0.91194331093, 5)
215 (918, 0.874874180879, 5)
216 (1531, 0.880426616252, 5)
217 (1002, 0.947379443456, 5)
218 (1015, 0.897294008868, 5)
219 (963, 0.903199247369, 5)
220 (1190, 0.934495991154, 5)
221 (337, 0.962833065707, 5)
222 (1190, 0.929563096331, 6)
223 (1084, 0.955003124354, 6)
224 (459, 0.954172321179, 5)
225 (440, 0.896157310286, 6)
226 (621, 0.939330553973, 6)
227 (1225, 0.945225686716, 5)
228 (730, 0.876643377286, 10)
229 (900, 0.955141338876, 5)
230 (1192, 0.952649380189, 5)
231 (915, 0.836500592259, 5)
232 (456, 0.924519205531, 11)
233 (112, 0.941402611548, 5)
234 (534, 0.991561617447, 5)
235 (1252, 0.995546682269, 5)
236 (1277, 0.968770527982, 5)
237 (1278, 0.764097608896, 11)
238 (1117, 0.748973911407, 9)
239 (1409, 0.966968023623, 5)
240 (1129, 0.893580899132, 5)
241 (1058, 0.9379199309, 7)
242 (1171, 0.988108572714, 6)
243 (1036, 0.980370573822, 6)
244 (1115, 0.96338758698, 5)
245 (1171, 0.998170280738, 5)
246 (268, 0.936383803255, 112)
247 (252, 0.911639273378, 5)
248 (1081, 0.944143017358, 5)
249 (267, 0.913559658948, 5)
250 (1415, 0.916112759803, 5)
251 (384, 0.949948965457, 5)
252 (1045, 0.934443025035, 5)
253 (1115, 0.922476637212, 5)
254 (1273, 0.945924238278, 5)
255 (938, 0.963495606347, 5)
256 (741, 0.997052056836, 5)
257 (556, 0.916834182152, 5)
258 (113, 0.932374413029, 5)
259 (1059, 0.910707789639, 7)
260 (112, 0.966762784443, 5)
261 (760, 0.961071000275, 5)
262 (691, 0.947038944681, 6)
263 (990, 0.882780557943, 5)
264 (112, 0.933226347851, 5)
265 (996, 0.913821949385, 7)
266 (1295, 0.995684184426, 5)
267 (186, 0.946252235551, 5)
268 (1081, 0.945916470769, 6)
269 (884, 0.959108212662, 5)
270 (1208, 0.983727967064, 5)
271 (1268, 0.933884545571, 5)
272 (812, 0.899252939965, 5)
273 (146, 0.900914544873, 6)
274 (1278, 0.875160929071, 9)
275 (853, 0.958390602691, 5)
276 (1379, 0.984518036662, 6)
277 (576, 0.94870855636, 5)
278 (569, 0.90331856671, 5)
279 (789, 0.971967681486, 5)
280 (1315, 0.936174370479, 5)
281 (787, 0.997622771288, 5)
282 (1518, 0.896490894616, 8)
283 (1099, 0.854468003944, 6)
284 (1300, 0.929223464011, 5)
285 (1086, 0.93776783707, 10)
286 (1344, 0.946156906462, 5)
287 (635, 0.963180993519, 5)
288 (1083, 0.870162881889, 5)
289 (574, 0.984429065062, 5)
290 (1248, 0.989140634144, 5)
291 (1063, 0.909956779955, 5)
292 (1105, 0.932016535441, 5)
293 (669, 0.827684007398, 5)
294 (1252, 0.968938826181, 5)
295 (383, 0.894665822676, 5)
296 (297, 0.793110837359, 5)
297 (447, 1.0, 5)
298 (853, 0.998552946917, 7)
299 (1038, 0.906337531894, 6)
300 (1114, 0.879517660816, 5)
301 (1093, 0.931335125825, 7)
302 (766, 0.998969886106, 5)
303 (714, 0.953717479268, 5)
304 (918, 0.968937976904, 5)
305 (16, 0.93650955805, 7)
306 (1008, 0.920904063148, 8)
307 (932, 0.944604658699, 9)
308 (681, 0.944962490624, 6)
309 (294, 0.847610114621, 22)
310 (503, 0.908264274774, 5)
311 (1163, 0.954954485162, 6)
312 (609, 0.966515193993, 6)
313 (828, 0.920370364921, 5)
314 (1, 0, 4)
315 (601, 0.8376799985, 7)
316 (656, 0.928509164511, 7)
317 (459, 0.947375070998, 6)
318 (1150, 0.941170552799, 5)
319 (695, 0.907942800019, 5)
320 (151, 0.935320239482, 8)
321 (718, 0.916674160885, 5)
322 (1297, 0.965050195311, 6)
323 (1094, 0.88146458816, 5)
324 (361, 0.980852916815, 5)
325 (1040, 0.888757207027, 5)
326 (398, 0.937120231914, 5)
327 (584, 0.94635180139, 7)
328 (1249, 0.938995821351, 5)
329 (925, 0.961337764609, 5)
330 (279, 0.948796407232, 5)
331 (19, 0.908154768261, 6)
332 (842, 0.982359279269, 5)
333 (986, 0.948812870273, 5)
334 (205, 0.942032864299, 7)
335 (235, 0.948133802971, 5)
336 (876, 0.950941908918, 7)
337 (221, 0.962833065707, 5)
338 (1059, 0.933671419164, 5)
339 (535, 0.914720258704, 7)
340 (854, 0.893177466422, 5)
341 (332, 0.955539728093, 5)
342 (72, 0.921703247741, 5)
343 (532, 0.959073863606, 5)
344 (904, 0.942810433292, 5)
345 (820, 0.87328289171, 5)
346 (723, 0.954978009514, 6)
347 (1056, 0.851287900786, 5)
348 (448, 0.969317798192, 5)
349 (539, 0.929301814053, 7)
350 (134, 0.994087587254, 7)
351 (348, 0.930505381435, 6)
352 (948, 0.889824229951, 7)
353 (243, 0.886305236149, 5)
354 (251, 0.937010648264, 9)
355 (922, 0.945753120967, 5)
356 (1285, 0.89577715294, 5)
357 (1262, 0.925410272441, 5)
358 (368, 0.899198626035, 9)
359 (360, 0.944058623365, 6)
360 (1022, 0.962168023878, 5)
361 (324, 0.980852916815, 5)
362 (412, 0.955999214019, 5)
363 (734, 0.945867643599, 5)
364 (1230, 0.910993795379, 8)
365 (370, 0.963100087579, 5)
366 (220, 0.899426033584, 8)
367 (1277, 0.99897007332, 5)
368 (102, 0.939556239641, 5)
369 (463, 0.902793158347, 5)
370 (365, 0.963100087579, 5)
371 (1111, 0.964035849887, 5)
372 (789, 0.999159842756, 7)
373 (712, 0.983857367458, 5)
374 (496, 0.938148246173, 5)
375 (975, 0.897991670982, 5)
376 (801, 0.984466306135, 5)
377 (790, 0.97069756513, 6)
378 (459, 0.899026182123, 8)
379 (538, 0.953182976401, 5)
380 (1437, 0.901495607332, 5)
381 (1111, 0.995415569411, 6)
382 (730, 0.948288920357, 13)
383 (738, 0.895619441001, 6)
384 (251, 0.949948965457, 5)
385 (958, 0.928868652582, 5)
386 (902, 0.913331775628, 6)
387 (1471, 0.97006629989, 5)
388 (254, 0.901701693024, 6)
389 (942, 0.941272858709, 5)
390 (56, 0.875096106836, 8)
391 (1274, 0.965196416961, 6)
392 (453, 0.883024294912, 5)
393 (1163, 0.799571532824, 5)
394 (155, 0.906751065352, 6)
395 (1140, 0.923090763417, 6)
396 (786, 0.956208058373, 5)
397 (939, 0.89687557641, 5)
398 (326, 0.937120231914, 5)
399 (639, 0.948603591806, 11)
400 (1029, 0.980919478733, 5)
401 (1067, 0.919458892698, 6)
402 (918, 0.960442915912, 5)
403 (261, 0.861917528435, 6)
404 (948, 0.838292880208, 5)
405 (1471, 0.935773866784, 7)
406 (659, 0.946447734352, 6)
407 (941, 0.902975117273, 7)
408 (459, 0.90275247184, 6)
409 (1030, 0.935174089769, 5)
410 (1081, 0.933412055952, 7)
411 (965, 0.891890025422, 5)
412 (362, 0.955999214019, 5)
413 (976, 0.971723943659, 5)
414 (1004, 0.929329688325, 5)
415 (959, 0.939998184996, 5)
416 (1297, 0.928714909963, 5)
417 (996, 0.92966607163, 6)
418 (344, 0.883126927847, 5)
419 (261, 0.903060947931, 7)
420 (1218, 0.966902774476, 6)
421 (350, 0.967661343539, 5)
422 (43, 0.935257268835, 5)
423 (916, 0.81516257345, 9)
424 (457, 1.0, 6)
425 (786, 0.950848033896, 7)
426 (1098, 0.989342383491, 5)
427 (1284, 0.835235774409, 5)
428 (1195, 0.976143576937, 6)
429 (279, 0.887850855655, 6)
430 (1154, 0.914137926217, 6)
431 (1459, 0.938309311805, 5)
432 (1043, 0.894304518873, 5)
433 (982, 0.845248655332, 6)
434 (579, 0.924950387314, 5)
435 (1200, 0.978550797377, 6)
436 (1147, 0.890738393342, 7)
437 (1, 0, 3)
438 (379, 0.621230067853, 5)
439 (1, 0, 3)
440 (553, 0.897312089567, 5)
441 (1069, 0.935685472039, 5)
442 (1, 0, 2)
443 (1117, 0.928666796756, 5)
444 (137, 0.98158842095, 5)
445 (608, 0.930949336251, 5)
446 (551, 0.926733982057, 5)
447 (297, 1.0, 5)
448 (348, 0.969317798192, 5)
449 (793, 0.961238730059, 5)
450 (110, 0.993810935054, 6)
451 (1483, 0.901878542026, 5)
452 (266, 0.971349380759, 5)
453 (794, 0.957547938697, 5)
454 (441, 0.918217414429, 5)
455 (1376, 0.941219996558, 6)
456 (925, 0.999890615277, 6)
457 (424, 1.0, 6)
458 (60, 0.915558843375, 7)
459 (717, 0.964319550316, 6)
460 (1048, 0.942676379255, 9)
461 (900, 0.957194718583, 7)
462 (1111, 0.951522360753, 6)
463 (537, 0.955501004759, 7)
464 (964, 0.955622420547, 5)
465 (1208, 0.983262888712, 5)
466 (726, 0.978053347951, 5)
467 (608, 0.97489898408, 5)
468 (502, 0.904855287691, 7)
469 (1244, 0.996343848135, 5)
470 (1441, 0.954855437464, 5)
471 (1167, 0.99743899988, 5)
472 (980, 0.920682075953, 7)
473 (733, 0.997925308968, 5)
474 (905, 0.94204138798, 5)
475 (1514, 0.94992062955, 5)
476 (918, 0.912796567354, 5)
477 (984, 0.939902935462, 6)
478 (714, 0.991019452702, 5)
479 (688, 1.0, 5)
480 (1252, 0.911753536542, 5)
481 (334, 0.907238919024, 5)
482 (1298, 0.896096627915, 7)
483 (970, 0.944098732879, 5)
484 (1136, 0.922933854088, 5)
485 (266, 0.9271389949, 6)
486 (794, 0.889064852338, 7)
487 (783, 0.964979893479, 5)
488 (1069, 0.888170042453, 6)
489 (1142, 0.909620375039, 5)
490 (644, 0.878349548471, 7)
491 (1182, 0.938010791738, 5)
492 (236, 0.854459482584, 6)
493 (10, 0.915471093573, 8)
494 (1298, 0.927172649946, 6)
495 (158, 0.996614041657, 6)
496 (374, 0.938148246173, 5)
497 (717, 0.92197102045, 6)
498 (1407, 0.840615074907, 5)
499 (967, 0.90487036156, 5)
500 (614, 0.9733727347, 5)
501 (587, 0.913949422997, 5)
502 (1091, 0.999680760294, 5)
503 (1009, 0.995660338546, 5)
504 (587, 0.950319755571, 5)
505 (1099, 0.912196650253, 5)
506 (1397, 0.908722446163, 5)
507 (760, 0.854280802847, 5)
508 (933, 0.881926236368, 10)
509 (793, 0.954213006651, 5)
510 (266, 0.959665585268, 7)
511 (1479, 0.949532885226, 5)
512 (1147, 0.984495184971, 5)
513 (970, 0.913841821747, 5)
514 (874, 0.880049165804, 7)
515 (773, 0.9577044558, 6)
516 (1267, 0.957745438536, 5)
517 (843, 0.915843173694, 9)
518 (1182, 0.942712640847, 5)
519 (809, 0.96519642559, 6)
520 (1017, 1.0, 5)
521 (1086, 0.914535337758, 6)
522 (1113, 0.982936683551, 5)
523 (869, 0.999953527927, 5)
524 (1194, 0.999598760263, 5)
525 (548, 0.949452645387, 5)
526 (535, 0.910893520614, 6)
527 (1172, 0.931371514328, 6)
528 (1200, 0.974286811048, 5)
529 (43, 0.999895753248, 5)
530 (782, 0.94592822944, 5)
531 (1058, 0.978352878401, 5)
532 (343, 0.959073863606, 5)
533 (902, 0.949855589304, 5)
534 (234, 0.991561617447, 5)
535 (581, 0.931131370262, 5)
536 (387, 0.947711659728, 5)
537 (1103, 0.976946707101, 6)
538 (379, 0.953182976401, 5)
539 (802, 0.944238629636, 5)
540 (1274, 0.949304141501, 6)
541 (812, 0.908465595745, 6)
542 (769, 0.899666925566, 11)
543 (715, 0.950600537476, 6)
544 (887, 0.962225690136, 5)
545 (654, 0.975961030651, 5)
546 (592, 0.876725627811, 6)
547 (990, 0.968007419555, 5)
548 (525, 0.949452645387, 5)
549 (1400, 0.954726840955, 5)
550 (1056, 0.994810360204, 5)
551 (40, 0.926747119711, 5)
552 (812, 0.945582688156, 5)
553 (764, 0.935963166804, 7)
554 (557, 0.937799452265, 5)
555 (121, 0.945645203172, 6)
556 (849, 0.975176344934, 5)
557 (554, 0.937799452265, 5)
558 (446, 0.915394038532, 5)
559 (115, 0.891661574334, 5)
560 (379, 0.942498489781, 5)
561 (904, 0.994323281946, 5)
562 (786, 0.958247237582, 6)
563 (941, 0.943127807629, 5)
564 (802, 0.931734523483, 5)
565 (1228, 0.946456080366, 5)
566 (1479, 0.922339291073, 6)
567 (260, 0.935191906102, 13)
568 (1284, 0.862038450471, 9)
569 (726, 0.96653361659, 5)
570 (1107, 0.999002742599, 9)
571 (998, 0.941102784518, 5)
572 (1098, 0.916972286464, 7)
573 (758, 0.887520083666, 5)
574 (289, 0.984429065062, 5)
575 (481, 0.823615452003, 5)
576 (918, 0.964928910124, 5)
577 (138, 0.847879043071, 5)
578 (1249, 0.951408817576, 8)
579 (826, 0.962481660204, 6)
580 (32, 0.954063273046, 5)
581 (535, 0.931131370262, 5)
582 (906, 0.955189211687, 5)
583 (149, 0.962250448649, 5)
584 (753, 0.96724218531, 5)
585 (661, 0.987930589602, 5)
586 (304, 0.947443353115, 5)
587 (504, 0.950319755571, 5)
588 (1269, 0.991645397878, 7)
589 (694, 0.938940867415, 6)
590 (758, 0.936262410645, 6)
591 (918, 0.886004564559, 5)
592 (92, 0.956007376428, 5)
593 (1011, 0.998468033563, 6)
594 (12, 0.543726260348, 5)
595 (783, 0.933662775678, 6)
596 (1139, 0.87360748723, 9)
597 (1518, 0.903102101848, 6)
598 (1, 0, 1)
599 (1, 0, 0)
600 (1, 0, 1)
601 (223, 0.928632375111, 9)
602 (749, 0.874322690809, 6)
603 (1111, 0.956418808123, 6)
604 (820, 0.855504829486, 8)
605 (1298, 0.928476690885, 5)
606 (206, 0.927038283648, 7)
607 (63, 0.891008471373, 6)
608 (467, 0.97489898408, 5)
609 (1095, 0.998910377442, 5)
610 (138, 0.925713829966, 6)
611 (220, 0.918863077367, 5)
612 (728, 0.991836615471, 5)
613 (921, 0.996709372678, 6)
614 (1119, 0.993687450795, 6)
615 (1194, 0.934013315421, 8)
616 (1226, 0.998295274217, 5)
617 (630, 0.909038206641, 6)
618 (855, 0.89233768043, 7)
619 (948, 0.897993494052, 7)
620 (1107, 0.998593667131, 5)
621 (226, 0.939330553973, 6)
622 (639, 0.950119540581, 5)
623 (400, 0.955620174641, 7)
624 (809, 0.985047567683, 6)
625 (873, 0.942332789007, 6)
626 (1, 0, 1)
627 (873, 0.972160385717, 5)
628 (996, 0.999894030393, 5)
629 (1226, 0.998134303703, 5)
630 (617, 0.909038206641, 6)
631 (1195, 0.822319079691, 5)
632 (1401, 0.933850226312, 5)
633 (869, 0.941621156658, 5)
634 (707, 0.927837826356, 5)
635 (710, 0.9767210511, 6)
636 (813, 0.94060615438, 5)
637 (1060, 0.999541667779, 5)
638 (765, 0.993524179006, 6)
639 (745, 0.99554289993, 5)
640 (1404, 0.933639156152, 7)
641 (942, 0.977175041907, 6)
642 (887, 0.99267107109, 5)
643 (1, 0, 0)
644 (416, 0.92227101558, 5)
645 (570, 0.952216948656, 7)
646 (1421, 0.954417822557, 5)
647 (1035, 0.935263883499, 7)
648 (1107, 0.988438666744, 5)
649 (972, 0.980298433378, 8)
650 (1099, 0.957113915953, 5)
651 (933, 0.808351500682, 5)
652 (1203, 0.939738835082, 5)
653 (813, 0.999573799826, 5)
654 (545, 0.975961030651, 5)
655 (718, 0.854104417308, 8)
656 (189, 0.997065988826, 7)
657 (958, 0.958292425445, 5)
658 (980, 0.913538611062, 8)
659 (406, 0.946447734352, 6)
660 (1043, 0.916085475502, 5)
661 (585, 0.987930589602, 5)
662 (730, 0.960949981808, 6)
663 (41, 0.997787940246, 5)
664 (1449, 0.986277815433, 5)
665 (812, 0.930665639317, 5)
666 (638, 0.446116790203, 5)
667 (581, 0.853725891412, 6)
668 (561, 0.885304723363, 5)
669 (774, 0.956299513161, 6)
670 (1178, 0.968201365664, 5)
671 (1019, 0.891707646525, 5)
672 (923, 0.96041627447, 5)
673 (890, 0.893003008389, 9)
674 (1222, 0.950269458668, 5)
675 (921, 0.943038167221, 8)
676 (761, 0.97777333886, 5)
677 (1, 0, 0)
678 (1289, 0.932594838021, 5)
679 (733, 0.965549206771, 5)
680 (825, 0.984425676778, 5)
681 (148, 0.971845667222, 5)
682 (650, 0.947527752315, 5)
683 (1280, 0.967177376595, 6)
684 (726, 0.923088460856, 7)
685 (656, 0.979157031001, 5)
686 (500, 0.953951141289, 7)
687 (802, 0.916751141314, 5)
688 (479, 1.0, 5)
689 (495, 0.902849741756, 5)
690 (963, 0.918026181683, 6)
691 (900, 0.966830616546, 6)
692 (918, 0.924362805323, 5)
693 (1428, 0.999571027769, 5)
694 (649, 0.974359263938, 6)
695 (319, 0.907942800019, 5)
696 (886, 0.968500487859, 5)
697 (785, 0.971437657677, 5)
698 (71, 0.926437306284, 5)
699 (725, 0.996766264428, 6)
700 (941, 0.922885966579, 5)
701 (132, 0.863741937336, 5)
702 (648, 0.945643793266, 9)
703 (638, 0.959671978078, 5)
704 (271, 0.924964220793, 5)
705 (979, 0.955424613878, 6)
706 (760, 0.829080606989, 5)
707 (733, 0.968028707768, 5)
708 (964, 0.965948084042, 5)
709 (1200, 0.954199435276, 5)
710 (635, 0.9767210511, 6)
711 (1, 0, 1)
712 (373, 0.983857367458, 5)
713 (1067, 0.927996603869, 7)
714 (478, 0.991019452702, 5)
715 (543, 0.950600537476, 6)
716 (943, 0.941498526636, 6)
717 (801, 0.999982407431, 5)
718 (332, 0.936197450559, 5)
719 (1437, 0.961211288681, 5)
720 (1415, 0.981870548863, 5)
721 (698, 0.921520299839, 5)
722 (703, 0.93206851012, 5)
723 (1400, 0.999333237225, 5)
724 (1167, 0.9483114941, 6)
725 (699, 0.996766264428, 6)
726 (466, 0.978053347951, 5)
727 (812, 0.958656466356, 6)
728 (612, 0.991836615471, 5)
729 (1124, 0.970494958831, 6)
730 (44, 0.995564906634, 5)
731 (619, 0.828088551816, 10)
732 (915, 0.911525783936, 6)
733 (473, 0.997925308968, 5)
734 (363, 0.945867643599, 5)
735 (1299, 0.908159834424, 5)
736 (105, 0.858197655407, 5)
737 (886, 0.948215462527, 5)
738 (574, 0.943949305638, 5)
739 (803, 0.947882762501, 6)
740 (956, 0.968256822972, 8)
741 (256, 0.997052056836, 5)
742 (1437, 0.914332128087, 5)
743 (728, 0.94892021044, 8)
744 (1136, 0.999489152279, 6)
745 (639, 0.99554289993, 5)
746 (1056, 0.990819340221, 5)
747 (1148, 0.994819332744, 6)
748 (1239, 0.888103156035, 10)
749 (696, 0.937215578205, 5)
750 (1067, 0.932788886203, 5)
751 (1062, 0.912305767184, 5)
752 (379, 0.924056933145, 5)
753 (1006, 0.978739720158, 6)
754 (359, 0.924711136379, 5)
755 (641, 0.938858502046, 5)
756 (999, 0.959458434998, 5)
757 (1, 0, 3)
758 (946, 0.960312600682, 5)
759 (1407, 0.999318895523, 5)
760 (261, 0.961071000275, 5)
761 (676, 0.97777333886, 5)
762 (1136, 0.888511034755, 8)
763 (1471, 0.998537863477, 5)
764 (620, 0.957265480563, 5)
765 (638, 0.993524179006, 6)
766 (302, 0.998969886106, 5)
767 (760, 0.9033063645, 5)
768 (916, 0.94753684134, 5)
769 (986, 0.997182954596, 5)
770 (786, 0.984052615049, 5)
771 (662, 0.946374263583, 5)
772 (1005, 0.984019682431, 5)
773 (515, 0.9577044558, 6)
774 (669, 0.956299513161, 6)
775 (142, 0.956084052214, 7)
776 (421, 0.951211763748, 5)
777 (1, 0, 2)
778 (1066, 0.97461522525, 5)
779 (1136, 0.938623200376, 5)
780 (1140, 0.965794775376, 5)
781 (837, 0.919317592381, 7)
782 (530, 0.94592822944, 5)
783 (1092, 0.998772838371, 5)
784 (1, 0, 1)
785 (697, 0.971437657677, 5)
786 (770, 0.984052615049, 5)
787 (281, 0.997622771288, 5)
788 (1, 0, 1)
789 (372, 0.999159842756, 7)
790 (377, 0.97069756513, 6)
791 (55, 0.901964734302, 5)
792 (1218, 0.883735243822, 5)
793 (449, 0.961238730059, 5)
794 (453, 0.957547938697, 5)
795 (932, 0.914943434085, 7)
796 (1209, 0.900797454551, 5)
797 (1178, 0.931140326013, 5)
798 (198, 0.907298653825, 5)
799 (483, 0.806418272827, 5)
800 (85, 0.963980067866, 9)
801 (717, 0.999982407431, 5)
802 (556, 0.945124712183, 5)
803 (739, 0.947882762501, 6)
804 (117, 0.87766015789, 7)
805 (847, 0.928905090565, 7)
806 (372, 0.998615593725, 5)
807 (126, 0.999782663309, 5)
808 (1182, 0.945194079202, 6)
809 (624, 0.985047567683, 6)
810 (969, 0.907737539782, 5)
811 (463, 0.887029602197, 5)
812 (727, 0.958656466356, 6)
813 (653, 0.999573799826, 5)
814 (1, 0, 1)
815 (1157, 0.966926891192, 6)
816 (876, 0.953493425227, 5)
817 (1, 0, 3)
818 (221, 0.9250181526, 6)
819 (834, 0.904274296748, 5)
820 (279, 0.961474020208, 5)
821 (1133, 0.942916768558, 5)
822 (1, 0, 3)
823 (832, 0.89567611068, 6)
824 (1181, 0.933284490623, 5)
825 (680, 0.984425676778, 5)
826 (579, 0.962481660204, 6)
827 (821, 0.883872792975, 5)
828 (24, 0.929303290256, 5)
829 (21, 0.993439301911, 6)
830 (1, 0, 1)
831 (1416, 0.992202610064, 5)
832 (823, 0.89567611068, 6)
833 (993, 0.927424023859, 6)
834 (765, 0.957780520808, 5)
835 (275, 0.919194488074, 7)
836 (184, 0.985320165969, 5)
837 (781, 0.919317592381, 7)
838 (1, 0, 3)
839 (1, 0, 4)
840 (1119, 0.99999980461, 5)
841 (873, 0.966514747591, 5)
842 (332, 0.982359279269, 5)
843 (1147, 0.928476690885, 5)
844 (854, 0.934734195652, 5)
845 (646, 0.911911284739, 5)
846 (354, 0.873879075747, 6)
847 (985, 0.943662314847, 5)
848 (525, 0.874052708362, 7)
849 (556, 0.975176344934, 5)
850 (1, 0, 4)
851 (1, 0, 1)
852 (1, 0, 1)
853 (298, 0.998552946917, 7)
854 (1240, 0.978986171171, 5)
855 (1195, 0.946660548115, 5)
856 (1021, 0.968464329754, 6)
857 (1, 0, 1)
858 (1, 0, 2)
859 (928, 0.871243562839, 5)
860 (773, 0.907476199339, 5)
861 (1, 0, 1)
862 (1231, 0.900601738694, 5)
863 (713, 0.853960803516, 7)
864 (1094, 0.944737525062, 5)
865 (305, 0.896880100288, 21)
866 (812, 0.921261908011, 7)
867 (462, 0.901217267404, 5)
868 (100, 0.871333149699, 5)
869 (523, 0.999953527927, 5)
870 (21, 0.985143167956, 5)
871 (759, 0.941627476706, 5)
872 (337, 0.96044594016, 5)
873 (627, 0.972160385717, 5)
874 (1265, 0.933254436193, 7)
875 (244, 0.917574169915, 5)
876 (1276, 0.95860163516, 5)
877 (1152, 0.937942921783, 5)
878 (681, 0.950890914644, 8)
879 (912, 0.954858676004, 5)
880 (241, 0.915541466766, 6)
881 (1276, 0.939360047018, 5)
882 (883, 0.962011570786, 5)
883 (1038, 0.974429766, 5)
884 (269, 0.959108212662, 5)
885 (1038, 0.988145702435, 5)
886 (938, 0.993272697791, 5)
887 (642, 0.99267107109, 5)
888 (1014, 0.915745033244, 5)
889 (344, 0.797303259896, 6)
890 (719, 0.935094131706, 5)
891 (313, 0.476090029724, 5)
892 (1228, 0.970175027224, 6)
893 (328, 0.657278748486, 11)
894 (890, 0.892754351901, 9)
895 (1244, 0.948401225612, 5)
896 (1045, 0.916802042152, 5)
897 (1, 0, 1)
898 (931, 0.998810951827, 5)
899 (306, 0.892832006229, 5)
900 (691, 0.966830616546, 6)
901 (687, 0.906201676596, 5)
902 (533, 0.949855589304, 5)
903 (59, 0.99877917519, 5)
904 (561, 0.994323281946, 5)
905 (474, 0.94204138798, 5)
906 (582, 0.955189211687, 5)
907 (1, 0, 1)
908 (348, 0.939107720667, 5)
909 (1062, 0.955435429453, 5)
910 (1, 0, 2)
911 (1, 0, 2)
912 (879, 0.954858676004, 5)
913 (1, 0, 2)
914 (332, 0.802305491483, 6)
915 (732, 0.911525783936, 6)
916 (23, 0.951756612501, 7)
917 (313, 0.900969457918, 7)
918 (51, 0.970655324684, 5)
919 (800, 0.959031396875, 7)
920 (1, 0, 2)
921 (613, 0.996709372678, 6)
922 (873, 0.955669886331, 5)
923 (672, 0.96041627447, 5)
924 (779, 0.895414919657, 6)
925 (456, 0.999890615277, 6)
926 (985, 0.959255255629, 6)
927 (20, 0.862595663999, 5)
928 (1140, 0.935797865331, 6)
929 (933, 0.937866083065, 5)
930 (1274, 0.971933133301, 5)
931 (898, 0.998810951827, 5)
932 (1152, 0.947235767449, 5)
933 (304, 0.947257656013, 5)
934 (59, 0.959960688098, 6)
935 (302, 0.984878008705, 5)
936 (620, 0.988316233543, 5)
937 (381, 0.869789879595, 5)
938 (886, 0.993272697791, 5)
939 (925, 0.945781998464, 9)
940 (106, 0.970682768316, 5)
941 (563, 0.943127807629, 5)
942 (641, 0.977175041907, 6)
943 (20, 0.956391938704, 5)
944 (977, 0.952156937558, 8)
945 (1269, 0.896493069269, 5)
946 (758, 0.960312600682, 5)
947 (391, 0.913785795208, 5)
948 (619, 0.897993494052, 7)
949 (406, 0.857076947203, 8)
950 (73, 0.96091061689, 5)
951 (801, 0.999945524215, 5)
952 (985, 0.970492536662, 5)
953 (629, 0.914216676826, 7)
954 (612, 0.959549750416, 5)
955 (645, 0.944033453109, 6)
956 (1479, 0.979374397742, 5)
957 (1, 0, 1)
958 (176, 0.964272633207, 5)
959 (1078, 0.944202822748, 5)
960 (664, 0.962318703647, 6)
961 (1048, 0.975037526959, 5)
962 (942, 0.654385354909, 7)
963 (223, 0.941982750027, 23)
964 (708, 0.965948084042, 5)
965 (102, 0.924718375895, 5)
966 (206, 0.940736389051, 5)
967 (167, 0.942455620346, 6)
968 (7, 0.997420592235, 7)
969 (1147, 0.996023841112, 6)
970 (59, 0.969586936824, 5)
971 (17, 0.960602508139, 5)
972 (649, 0.980298433378, 8)
973 (1, 0, 2)
974 (892, 0.909927646398, 5)
975 (1010, 0.974746722826, 7)
976 (413, 0.971723943659, 5)
977 (944, 0.952156937558, 8)
978 (740, 0.941466842433, 5)
979 (1074, 0.966194936865, 5)
980 (500, 0.959983680286, 6)
981 (100, 0.823868050387, 6)
982 (302, 0.911530302641, 5)
983 (934, 0.839991325572, 7)
984 (930, 0.958571512183, 14)
985 (242, 0.973422876154, 6)
986 (769, 0.997182954596, 5)
987 (1, 0, 2)
988 (986, 0.92973815628, 5)
989 (153, 0.983576500003, 5)
990 (547, 0.968007419555, 5)
991 (744, 0.951578643507, 5)
992 (1, 0, 3)
993 (833, 0.927424023859, 6)
994 (289, 0.84051335251, 5)
995 (1197, 0.946328832812, 5)
996 (628, 0.999894030393, 5)
997 (416, 0.899606162993, 6)
998 (571, 0.941102784518, 5)
999 (756, 0.959458434998, 5)
1000 (83, 0.865534876753, 6)
1001 (1291, 0.883482054453, 5)
1002 (111, 0.995397414543, 5)
1003 (878, 0.777720695019, 5)
1004 (62, 0.999601090183, 7)
1005 (772, 0.984019682431, 5)
1006 (753, 0.978739720158, 6)
1007 (444, 0.964611906808, 5)
1008 (1171, 0.984164262769, 5)
1009 (503, 0.995660338546, 5)
1010 (1081, 0.980700645282, 5)
1011 (593, 0.998468033563, 6)
1012 (1277, 0.964256727582, 6)
1013 (1059, 0.964211023623, 5)
1014 (935, 0.921584994976, 5)
1015 (304, 0.911890211645, 5)
1016 (415, 0.925538442966, 7)
1017 (520, 1.0, 5)
1018 (1208, 0.947450633667, 5)
1019 (1065, 0.914616978712, 5)
1020 (656, 0.96438672491, 6)
1021 (856, 0.968464329754, 6)
1022 (360, 0.962168023878, 5)
1023 (1054, 0.834705905295, 6)
1024 (359, 0.943879807449, 6)
1025 (984, 0.953069317832, 12)
1026 (1, 0, 2)
1027 (1, 0, 1)
1028 (681, 0.870229581205, 5)
1029 (400, 0.980919478733, 5)
1030 (720, 0.935919976107, 8)
1031 (118, 0.889575014773, 5)
1032 (1469, 0.965195965768, 5)
1033 (1210, 0.94265978365, 6)
1034 (163, 0.90844015553, 5)
1035 (816, 0.943035435843, 5)
1036 (243, 0.980370573822, 6)
1037 (93, 0.935855431117, 5)
1038 (885, 0.988145702435, 5)
1039 (1172, 0.958394616684, 5)
1040 (391, 0.939356294883, 5)
1041 (332, 0.923650287886, 8)
1042 (1213, 0.934723151921, 5)
1043 (367, 0.956524373557, 5)
1044 (456, 0.994343186169, 5)
1045 (1153, 0.956156144609, 5)
1046 (1052, 0.980955086942, 5)
1047 (115, 0.96042700446, 5)
1048 (961, 0.975037526959, 5)
1049 (801, 0.991443713746, 5)
1050 (1298, 0.891970000162, 5)
1051 (1010, 0.937495758836, 5)
1052 (1046, 0.980955086942, 5)
1053 (1136, 0.900696684581, 7)
1054 (509, 0.940804118917, 5)
1055 (366, 0.789752469028, 5)
1056 (2, 0.999980576678, 5)
1057 (582, 0.908430887402, 5)
1058 (531, 0.978352878401, 5)
1059 (1013, 0.964211023623, 5)
1060 (637, 0.999541667779, 5)
1061 (3, 0.930969768772, 7)
1062 (909, 0.955435429453, 5)
1063 (1011, 0.969368544126, 5)
1064 (1, 0, 1)
1065 (716, 0.93312181606, 8)
1066 (778, 0.97461522525, 5)
1067 (879, 0.940746209079, 6)
1068 (473, 0.958077527515, 5)
1069 (1009, 0.936500163633, 7)
1070 (650, 0.945491889417, 7)
1071 (656, 0.988984715162, 5)
1072 (161, 0.975679528288, 6)
1073 (730, 0.941847611388, 6)
1074 (979, 0.966194936865, 5)
1075 (111, 0.893321057648, 5)
1076 (63, 0.906534612827, 8)
1077 (475, 0.847136226758, 7)
1078 (959, 0.944202822748, 5)
1079 (662, 0.933026659707, 7)
1080 (1, 0, 2)
1081 (1010, 0.980700645282, 5)
1082 (250, 0.748063412654, 5)
1083 (288, 0.870162881889, 5)
1084 (28, 0.957321139797, 9)
1085 (70, 0.92412610208, 6)
1086 (285, 0.93776783707, 10)
1087 (245, 0.854617937679, 5)
1088 (363, 0.900057130722, 6)
1089 (529, 0.935321473073, 5)
1090 (1239, 0.999725400021, 5)
1091 (502, 0.999680760294, 5)
1092 (628, 0.999709808467, 5)
1093 (301, 0.931335125825, 7)
1094 (864, 0.944737525062, 5)
1095 (609, 0.998910377442, 5)
1096 (1, 0, 2)
1097 (1252, 0.958798112708, 5)
1098 (426, 0.989342383491, 5)
1099 (650, 0.957113915953, 5)
1100 (1070, 0.80548024232, 5)
1101 (1284, 0.901397747667, 7)
1102 (15, 0.853620687362, 6)
1103 (537, 0.976946707101, 6)
1104 (1, 0, 2)
1105 (879, 0.941457921852, 5)
1106 (1, 0, 2)
1107 (570, 0.999002742599, 9)
1108 (529, 0.813740552329, 5)
1109 (1471, 0.968502997086, 5)
1110 (1219, 0.956750022021, 5)
1111 (381, 0.995415569411, 6)
1112 (516, 0.875105347147, 5)
1113 (522, 0.982936683551, 5)
1114 (322, 0.942853053564, 5)
1115 (244, 0.96338758698, 5)
1116 (65, 0.804220685614, 5)
1117 (443, 0.928666796756, 5)
1118 (745, 0.968641056477, 6)
1119 (840, 0.99999980461, 5)
1120 (21, 0.965363393028, 5)
1121 (473, 0.906497106754, 5)
1122 (1, 0, 0)
1123 (1, 0, 1)
1124 (729, 0.970494958831, 6)
1125 (1, 0, 0)
1126 (842, 0.967030752682, 6)
1127 (346, 0.621239422522, 7)
1128 (547, 0.919650442194, 5)
1129 (985, 0.961604032757, 5)
1130 (1, 0, 1)
1131 (229, 0.77151674981, 6)
1132 (717, 0.973376142815, 6)
1133 (821, 0.942916768558, 5)
1134 (740, 0.96268453635, 5)
1135 (1183, 0.925779557853, 5)
1136 (744, 0.999489152279, 6)
1137 (279, 0.952197245688, 5)
1138 (181, 0.705284143306, 5)
1139 (138, 0.922993223938, 5)
1140 (780, 0.965794775376, 5)
1141 (26, 0.971073250408, 5)
1142 (85, 0.999720487943, 5)
1143 (256, 0.91690249075, 5)
1144 (1, 0, 1)
1145 (62, 0.914490709614, 5)
1146 (1, 0, 2)
1147 (969, 0.996023841112, 6)
1148 (747, 0.994819332744, 6)
1149 (963, 0.900118690962, 6)
1150 (318, 0.941170552799, 5)
1151 (508, 0.880978745639, 5)
1152 (1277, 0.966227443832, 5)
1153 (1045, 0.956156144609, 5)
1154 (656, 0.928279121633, 5)
1155 (1, 0, 1)
1156 (1, 0, 0)
1157 (815, 0.966926891192, 6)
1158 (1, 0, 1)
1159 (207, 0.969365475554, 5)
1160 (40, 0.977760834138, 7)
1161 (93, 0.890488228779, 6)
1162 (240, 0.7531853105, 5)
1163 (311, 0.954954485162, 6)
1164 (274, 0.795249187365, 5)
1165 (931, 0.893445634474, 5)
1166 (1048, 0.937342733538, 5)
1167 (471, 0.99743899988, 5)
1168 (694, 0.961770306878, 5)
1169 (23, 0.999391614847, 6)
1170 (951, 0.958784037315, 5)
1171 (245, 0.998170280738, 5)
1172 (1039, 0.958394616684, 5)
1173 (302, 0.887110829105, 5)
1174 (160, 0.983675709664, 5)
1175 (1, 0, 0)
1176 (909, 0.86952870266, 5)
1177 (72, 0.81720140192, 6)
1178 (1228, 0.99990814372, 8)
1179 (377, 0.929215212107, 5)
1180 (790, 0.895405110861, 6)
1181 (802, 0.936562993045, 5)
1182 (523, 0.988888891448, 5)
1183 (1135, 0.925779557853, 5)
1184 (1035, 0.914223614564, 5)
1185 (720, 0.950917744854, 8)
1186 (1, 0, 2)
1187 (20, 0.909362886879, 5)
1188 (834, 0.870769340188, 6)
1189 (1, 0, 2)
1190 (220, 0.934495991154, 5)
1191 (1, 0, 0)
1192 (230, 0.952649380189, 5)
1193 (212, 0.958563226829, 7)
1194 (524, 0.999598760263, 5)
1195 (428, 0.976143576937, 6)
1196 (1, 0, 1)
1197 (324, 0.94716106994, 5)
1198 (10, 0.926296340266, 5)
1199 (952, 0.935449267893, 6)
1200 (137, 0.981750791777, 5)
1201 (1, 0, 0)
1202 (10, 0.972429410443, 5)
1203 (1286, 0.94229907585, 5)
1204 (525, 0.835129264496, 8)
1205 (89, 0.842285228029, 5)
1206 (940, 0.951763401613, 5)
1207 (425, 0.915659831236, 7)
1208 (270, 0.983727967064, 5)
1209 (815, 0.918462219083, 5)
1210 (1033, 0.94265978365, 6)
1211 (151, 0.832658179781, 5)
1212 (218, 0.877246800661, 5)
1213 (1042, 0.934723151921, 5)
1214 (48, 0.98554889076, 5)
1215 (1110, 0.953293298297, 5)
1216 (50, 0.44481310968, 6)
1217 (538, 0.91472220806, 5)
1218 (420, 0.966902774476, 6)
1219 (1110, 0.956750022021, 5)
1220 (1518, 0.93250480824, 5)
1221 (1400, 0.953451935104, 5)
1222 (674, 0.950269458668, 5)
1223 (1, 0, 4)
1224 (51, 0.941817298108, 5)
1225 (1058, 0.958273348546, 5)
1226 (616, 0.998295274217, 5)
1227 (181, 0.894591572997, 5)
1228 (1178, 0.99990814372, 8)
1229 (554, 0.930470552587, 5)
1230 (1090, 0.919055434178, 6)
1231 (1437, 0.964901281354, 5)
1232 (158, 0.919471194513, 6)
1233 (286, 0.785972214265, 5)
1234 (271, 0.777394404974, 5)
1235 (1, 0, 0)
1236 (1, 0, 0)
1237 (750, 0.792331052769, 5)
1238 (272, 0.826628846191, 6)
1239 (1090, 0.999725400021, 5)
1240 (854, 0.978986171171, 5)
1241 (286, 0.799663940851, 6)
1242 (1, 0, 3)
1243 (271, 0.887278373652, 5)
1244 (469, 0.996343848135, 5)
1245 (840, 0.952476926971, 5)
1246 (95, 0.925183666, 6)
1247 (402, 0.828696393916, 5)
1248 (570, 0.995957986119, 6)
1249 (199, 0.966081241525, 5)
1250 (1035, 0.736137531331, 5)
1251 (257, 0.878682922053, 7)
1252 (235, 0.995546682269, 5)
1253 (540, 0.935109229192, 5)
1254 (122, 0.883871845138, 5)
1255 (137, 0.757535323856, 5)
1256 (1, 0, 1)
1257 (1, 0, 1)
1258 (840, 0.910166856419, 5)
1259 (1, 0, 1)
1260 (1, 0, 1)
1261 (1, 0, 2)
1262 (402, 0.938628599434, 5)
1263 (90, 0.91423178198, 6)
1264 (121, 0.871880852514, 6)
1265 (874, 0.933254436193, 7)
1266 (1021, 0.917531231114, 5)
1267 (516, 0.957745438536, 5)
1268 (170, 0.96020493133, 5)
1269 (588, 0.991645397878, 7)
1270 (28, 0.840743840964, 6)
1271 (434, 0.755819690543, 5)
1272 (508, 0.679413234821, 5)
1273 (254, 0.945924238278, 5)
1274 (930, 0.971933133301, 5)
1275 (1, 0, 3)
1276 (876, 0.95860163516, 5)
1277 (367, 0.99897007332, 5)
1278 (281, 0.902361247751, 7)
1279 (82, 0.904585532547, 5)
1280 (123, 0.988814837163, 5)
1281 (236, 0.933754090716, 5)
1282 (471, 0.906364534788, 7)
1283 (831, 0.956511000783, 5)
1284 (887, 0.94869173207, 5)
1285 (77, 0.999882984531, 6)
1286 (1203, 0.94229907585, 5)
1287 (294, 0.7085610053, 5)
1288 (20, 0.946957154866, 5)
1289 (678, 0.932594838021, 5)
1290 (1, 0, 1)
1291 (603, 0.918447615374, 5)
1292 (1, 0, 1)
1293 (1, 0, 0)
1294 (333, 0.815288620396, 5)
1295 (266, 0.995684184426, 5)
1296 (24, 0.944110796809, 5)
1297 (322, 0.965050195311, 6)
1298 (605, 0.928476690885, 5)
1299 (657, 0.958287760773, 5)
1300 (174, 0.975623877031, 5)
1301 (121, 0.851366940795, 5)
1302 (1, 0, 3)
1303 (826, 0.862822628073, 6)
1304 (1, 0, 0)
1305 (184, 0.970201697414, 5)
1306 (1, 0, 0)
1307 (1, 0, 0)
1308 (1, 0, 0)
1309 (1, 0, 0)
1310 (1, 0, 0)
1311 (387, 0.888074889446, 7)
1312 (100, 0.975526541561, 6)
1313 (322, 0.873196037384, 7)
1314 (1074, 0.865091568256, 5)
1315 (280, 0.936174370479, 5)
1316 (313, 0.534208195468, 6)
1317 (1, 0, 3)
1318 (1, 0, 1)
1319 (1, 0, 3)
1320 (1, 0, 1)
1321 (1, 0, 2)
1322 (1011, 0.976398866789, 5)
1323 (1, 0, 2)
1324 (3, 0.713129118624, 5)
1325 (1, 0, 1)
1326 (117, 0.908821914437, 5)
1327 (1, 0, 3)
1328 (475, 0.627365415024, 5)
1329 (1, 0, 1)
1330 (1, 0, 2)
1331 (1, 0, 1)
1332 (1, 0, 1)
1333 (100, 0.301370469277, 5)
1334 (1, 0, 1)
1335 (324, 0.925181813491, 5)
1336 (120, 0.962000966128, 5)
1337 (118, 0.940460131721, 8)
1338 (1, 0, 3)
1339 (1, 0, 1)
1340 (1, 0, 1)
1341 (1, 0, 1)
1342 (1, 0, 1)
1343 (1, 0, 1)
1344 (286, 0.946156906462, 5)
1345 (1, 0, 1)
1346 (1, 0, 3)
1347 (1, 0, 1)
1348 (1, 0, 1)
1349 (1, 0, 1)
1350 (1, 0, 1)
1351 (1, 0, 3)
1352 (1, 0, 1)
1353 (1, 0, 1)
1354 (1, 0, 2)
1355 (1, 0, 3)
1356 (1, 0, 3)
1357 (1, 0, 3)
1358 (1, 0, 1)
1359 (1, 0, 1)
1360 (1, 0, 1)
1361 (1, 0, 2)
1362 (1, 0, 2)
1363 (1, 0, 1)
1364 (1, 0, 1)
1365 (1, 0, 2)
1366 (1, 0, 1)
1367 (100, 0.640557989441, 5)
1368 (93, 0.811188346367, 5)
1369 (1, 0, 3)
1370 (1, 0, 3)
1371 (1, 0, 2)
1372 (1, 0, 2)
1373 (1, 0, 1)
1374 (1, 0, 2)
1375 (93, 0.957090617724, 5)
1376 (455, 0.941219996558, 6)
1377 (1, 0, 4)
1378 (302, 0.47704914386, 5)
1379 (137, 0.999030159972, 5)
1380 (276, 0.574068130435, 5)
1381 (100, 0.722046311625, 7)
1382 (1, 0, 1)
1383 (455, 0.737216181507, 5)
1384 (1, 0, 1)
1385 (258, 0.533199726792, 5)
1386 (302, 0.237493362839, 5)
1387 (1, 0, 1)
1388 (302, 0.890574657086, 5)
1389 (1, 0, 2)
1390 (1, 0, 1)
1391 (1, 0, 1)
1392 (286, 0.640017954758, 5)
1393 (301, 0.870438838456, 5)
1394 (308, 0.941703728542, 6)
1395 (882, 0.858147673029, 5)
1396 (382, 0.376423906463, 5)
1397 (506, 0.908722446163, 5)
1398 (1, 0, 2)
1399 (300, 0.230825753133, 5)
1400 (723, 0.999333237225, 5)
1401 (124, 0.981987460475, 5)
1402 (1, 0, 3)
1403 (1, 0, 3)
1404 (649, 0.960307347535, 5)
1405 (302, 0.779578915611, 6)
1406 (402, 0.479420400971, 5)
1407 (759, 0.999318895523, 5)
1408 (1, 0, 2)
1409 (239, 0.966968023623, 5)
1410 (1, 0, 3)
1411 (456, 0.898871740153, 5)
1412 (432, 0.784764216028, 5)
1413 (998, 0.870665445406, 5)
1414 (1, 0, 0)
1415 (720, 0.981870548863, 5)
1416 (831, 0.992202610064, 5)
1417 (1, 0, 0)
1418 (1, 0, 2)
1419 (280, 0.8597336458, 5)
1420 (1, 0, 2)
1421 (1248, 0.989553751293, 5)
1422 (1, 0, 1)
1423 (1, 0, 3)
1424 (1, 0, 2)
1425 (110, 0.916481248704, 5)
1426 (676, 0.831975776405, 5)
1427 (7, 0.749037284428, 5)
1428 (693, 0.999571027769, 5)
1429 (1, 0, 0)
1430 (1, 0, 0)
1431 (1, 0, 0)
1432 (1, 0, 0)
1433 (1, 0, 0)
1434 (352, 0.880235658682, 5)
1435 (33, 0.917725471209, 6)
1436 (1, 0, 1)
1437 (1231, 0.964901281354, 5)
1438 (48, 0.860590431519, 5)
1439 (723, 0.991378406212, 6)
1440 (732, 0.87495727852, 5)
1441 (211, 0.97014474371, 5)
1442 (196, 0.694014125301, 5)
1443 (1, 0, 2)
1444 (380, 0.853878061402, 13)
1445 (1, 0, 3)
1446 (43, 0.982707629824, 5)
1447 (1, 0, 1)
1448 (1, 0, 3)
1449 (664, 0.986277815433, 5)
1450 (1, 0, 2)
1451 (381, 0.951860557857, 5)
1452 (1, 0, 1)
1453 (1, 0, 1)
1454 (136, 0.98137270099, 5)
1455 (1, 0, 1)
1456 (675, 0.922177011831, 5)
1457 (1, 0, 1)
1458 (1, 0, 1)
1459 (431, 0.938309311805, 5)
1460 (1, 0, 1)
1461 (1, 0, 1)
1462 (381, 0.982195295902, 5)
1463 (1, 0, 1)
1464 (1, 0, 2)
1465 (1, 0, 2)
1466 (423, 0.8049844719, 5)
1467 (1, 0, 2)
1468 (182, 0.940018239786, 5)
1469 (1032, 0.965195965768, 5)
1470 (230, 0.69323467037, 5)
1471 (763, 0.998537863477, 5)
1472 (1, 0, 1)
1473 (100, 0.923640379398, 5)
1474 (70, 0.719528523193, 5)
1475 (59, 0.967441606857, 5)
1476 (1, 0, 1)
1477 (1, 0, 1)
1478 (120, 0.910262643169, 5)
1479 (31, 0.986310864135, 5)
1480 (441, 0.897277251401, 5)
1481 (1, 0, 2)
1482 (1, 0, 1)
1483 (496, 0.927713794422, 5)
1484 (1, 0, 2)
1485 (1, 0, 3)
1486 (1, 0, 1)
1487 (175, 0.456403817861, 5)
1488 (1, 0, 2)
1489 (96, 0.845105700783, 5)
1490 (1, 0, 3)
1491 (1, 0, 1)
1492 (1, 0, 1)
1493 (1, 0, 1)
1494 (1, 0, 1)
1495 (1007, 0.5534086116, 5)
1496 (926, 0.750540922143, 5)
1497 (1, 0, 2)
1498 (1, 0, 1)
1499 (1, 0, 2)
1500 (1, 0, 1)
1501 (170, 0.601159832766, 5)
1502 (1, 0, 2)
1503 (746, 0.926834357536, 6)
1504 (1, 0, 1)
1505 (1, 0, 1)
1506 (1, 0, 2)
1507 (1, 0, 1)
1508 (1, 0, 2)
1509 (2, 0.72881714721, 5)
1510 (1, 0, 1)
1511 (286, 0.384080612655, 5)
1512 (98, 0.870528843188, 5)
1513 (1, 0, 2)
1514 (475, 0.94992062955, 5)
1515 (1, 0, 1)
1516 (1, 0, 3)
1517 (95, 0.846476842656, 5)
1518 (1119, 0.935376970237, 5)
1519 (1, 0, 1)
1520 (1, 0, 1)
1521 (1, 0, 3)
1522 (168, 0.967374409122, 5)
1523 (1, 0, 2)
1524 (1021, 0.857171284562, 5)
1525 (1, 0, 0)
1526 (1, 0, 1)
1527 (887, 0.892436470281, 5)
1528 (1, 0, 1)
1529 (179, 0.823489275999, 5)
1530 (367, 0.794165191327, 5)
1531 (183, 0.953920483344, 5)
1532 (1, 0, 2)
1533 (1, 0, 1)
1534 (181, 0.409426556906, 5)
1535 (1, 0, 1)
1536 (1, 0, 0)
1537 (1, 0, 1)
1538 (1, 0, 2)
1539 (1, 0, 3)
1540 (679, 0.929907103506, 5)
1541 (1, 0, 1)
1542 (1, 0, 2)
1543 (1, 0, 1)
1544 (1, 0, 2)
1545 (1, 0, 1)
1546 (1, 0, 0)
1547 (1, 0, 1)
1548 (1, 0, 0)
1549 (1, 0, 1)
1550 (1, 0, 1)
1551 (1, 0, 1)
1552 (1, 0, 2)
1553 (1, 0, 2)
1554 (1, 0, 1)
1555 (169, 0.802162769916, 5)
1556 (1, 0, 0)
1557 (1, 0, 0)
1558 (855, 0.714664166897, 5)
1559 (1, 0, 0)
1560 (1, 0, 2)
1561 (1, 0, 0)
1562 (1, 0, 0)
1563 (1, 0, 0)
1564 (1, 0, 0)
1565 (1, 0, 0)
1566 (1, 0, 0)
1567 (1, 0, 0)
1568 (1, 0, 0)
1569 (1, 0, 0)
1570 (1, 0, 0)
1571 (1, 0, 0)
1572 (1, 0, 0)
1573 (1, 0, 1)
1574 (1, 0, 0)
1575 (1, 0, 0)
1576 (1, 0, 0)
1577 (1, 0, 0)
1578 (1, 0, 1)
1579 (1, 0, 0)
1580 (1, 0, 0)
1581 (1, 0, 0)
1582 (1, 0, 0)
1583 (1, 0, 0)
1584 (1, 0, 0)
1585 (1, 0, 1)
1586 (1, 0, 0)
1587 (1, 0, 0)
1588 (1, 0, 0)
1589 (1, 0, 2)
1590 (1, 0, 0)
1591 (1, 0, 2)
1592 (1, 0, 2)
1593 (1, 0, 0)
1594 (1, 0, 2)
1595 (1, 0, 1)
1596 (1, 0, 1)
1597 (1, 0, 2)
1598 (127, 0.76404753192, 5)
1599 (1, 0, 0)
1600 (1, 0, 2)
1601 (1, 0, 1)
1602 (1, 0, 1)
1603 (1, 0, 1)
1604 (1, 0, 1)
1605 (1, 0, 3)
1606 (1, 0, 1)
1607 (1, 0, 1)
1608 (1, 0, 2)
1609 (1, 0, 2)
1610 (1, 0, 1)
1611 (1, 0, 1)
1612 (1, 0, 0)
1613 (1, 0, 0)
1614 (1, 0, 0)
1615 (109, 0.900283701015, 5)
1616 (1, 0, 1)
1617 (1, 0, 0)
1618 (1, 0, 0)
1619 (1, 0, 0)
1620 (125, 0.917095106808, 6)
1621 (1, 0, 0)
1622 (1, 0, 1)
1623 (1, 0, 2)
1624 (1, 0, 0)
1625 (1, 0, 0)
1626 (1, 0, 1)
1627 (1, 0, 1)
1628 (1, 0, 1)
1629 (1, 0, 2)
1630 (1, 0, 1)
1631 (1, 0, 2)
1632 (1, 0, 1)
1633 (1, 0, 1)
1634 (1, 0, 1)
1635 (1, 0, 1)
1636 (1, 0, 1)
1637 (1, 0, 1)
1638 (1, 0, 1)
1639 (1, 0, 2)
1640 (1, 0, 1)
1641 (1, 0, 1)
1642 (1, 0, 1)
1643 (1, 0, 3)
1644 (1, 0, 1)
1645 (1, 0, 1)
1646 (1, 0, 1)
1647 (1, 0, 1)
1648 (1, 0, 1)
1649 (1, 0, 1)
1650 (1, 0, 1)
1651 (1, 0, 1)
1652 (1, 0, 1)
1653 (1, 0, 0)
1654 (1, 0, 1)
1655 (1, 0, 1)
1656 (1, 0, 1)
1657 (1, 0, 1)
1658 (1, 0, 2)
1659 (1, 0, 1)
1660 (1, 0, 1)
1661 (1, 0, 1)
1662 (1, 0, 0)
1663 (1, 0, 0)
1664 (1, 0, 3)
1665 (1, 0, 0)
1666 (1, 0, 0)
1667 (1, 0, 0)
1668 (1, 0, 0)
1669 (1, 0, 0)
1670 (1, 0, 0)
1671 (1, 0, 0)
1672 (1, 0, 1)
1673 (1, 0, 1)
1674 (1, 0, 0)
1675 (1, 0, 0)
1676 (1, 0, 0)
1677 (1, 0, 1)
1678 (1, 0, 0)
1679 (1, 0, 0)
1680 (1, 0, 0)
1681 (1, 0, 1)
1682 (1, 0, 1)
